0 0.0671875 0.5 0.1015625 0.5625
0 0.140625 0.5109375 0.0734375 0.5390625
0 0.20625 0.5125 0.0765625 0.5375
0 0.2640625 0.50625 0.0984375 0.5484375
0 0.303125 0.50625 0.065625 0.546875
0 0.3609375 0.521875 0.071875 0.515625
0 0.3953125 0.5140625 0.0734375 0.5328125
0 0.4734375 0.5171875 0.0734375 0.525
0 0.5375 0.5 0.0984375 0.5625
0 0.6203125 0.50625 0.096875 0.5484375
0 0.703125 0.5265625 0.1140625 0.50625
0 0.7515625 0.5046875 0.0734375 0.55
0 0.79375 0.515625 0.0984375 0.53125
0 0.875 0.5046875 0.11875 0.5515625
0 0.9390625 0.50625 0.103125 0.55
0 0.06640625 0.109375 0.1015625 0.21875
0 0.06640625 0.890625 0.1015625 0.21875
0 0.13984375 0.09765625 0.0734375 0.1953125
0 0.13984375 0.890625 0.0734375 0.21875
0 0.20546875 0.096875 0.0765625 0.19375
0 0.20546875 0.890625 0.0765625 0.21875
0 0.26328125 0.10234375 0.0984375 0.2046875
0 0.26328125 0.890625 0.0984375 0.21875
0 0.303125 0.10234375 0.065625 0.2046875
0 0.303125 0.89140625 0.065625 0.2171875
0 0.3609375 0.08671875 0.071875 0.1734375
0 0.3609375 0.89140625 0.071875 0.2171875
0 0.39453125 0.09453125 0.0734375 0.1890625
0 0.39453125 0.890625 0.0734375 0.21875
0 0.47265625 0.09140625 0.0734375 0.1828125
0 0.47265625 0.89140625 0.0734375 0.2171875
0 0.53671875 0.109375 0.0984375 0.21875
0 0.53671875 0.890625 0.0984375 0.21875
0 0.6203125 0.10234375 0.096875 0.2046875
0 0.6203125 0.890625 0.096875 0.21875
0 0.70234375 0.08203125 0.1140625 0.1640625
0 0.70234375 0.89140625 0.1140625 0.2171875
0 0.75078125 0.10390625 0.0734375 0.2078125
0 0.75078125 0.89140625 0.0734375 0.2171875
0 0.79296875 0.09375 0.0984375 0.1875
0 0.79296875 0.890625 0.0984375 0.21875
0 0.875 0.10390625 0.11875 0.2078125
0 0.875 0.890625 0.11875 0.21875
0 0.9390625 0.103125 0.103125 0.20625
0 0.9390625 0.890625 0.103125 0.21875