0 0.1609375 0.484375 0.1078125 0.4140625
0 0.390625 0.5171875 0.096875 0.33125
0 0.4984375 0.5171875 0.0953125 0.35
0 0.603125 0.5109375 0.0890625 0.340625
0 0.853125 0.5390625 0.2578125 0.3703125
0 0.0859375 0.5046875 0.05625 0.3984375
0 0.240625 0.5359375 0.05625 0.3546875
0 0.16015625 0.059375 0.1078125 0.11875
0 0.16015625 0.9546875 0.1078125 0.090625
0 0.390625 0.959375 0.096875 0.08125
0 0.49765625 0.9546875 0.0953125 0.090625
0 0.60234375 0.96015625 0.0890625 0.0796875
0 0.85234375 0.93828125 0.2578125 0.1234375
0 0.0859375 0.0453125 0.05625 0.090625
0 0.0859375 0.9484375 0.05625 0.103125
0 0.240625 0.94375 0.05625 0.1125