0 0.675 0.5390625 0.0921875 0.4390625
0 0.14375 0.5625 0.10625 0.3890625
0 0.24375 0.553125 0.11875 0.39375
0 0.3421875 0.559375 0.10625 0.4
0 0.4375 0.5625 0.1015625 0.4015625
0 0.6015625 0.5421875 0.0671875 0.4484375
0 0.7953125 0.5484375 0.140625 0.421875
0 0.67421875 0.05859375 0.0921875 0.1171875
0 0.67421875 0.8984375 0.0921875 0.203125
0 0.14375 0.89921875 0.10625 0.2015625
0 0.24375 0.040625 0.11875 0.08125
0 0.24375 0.903125 0.11875 0.19375
0 0.3421875 0.8984375 0.10625 0.203125
0 0.43671875 0.89609375 0.1015625 0.2078125
0 0.60078125 0.059375 0.0671875 0.11875
0 0.60078125 0.89453125 0.0671875 0.2109375
0 0.7953125 0.05 0.140625 0.1
0 0.7953125 0.8984375 0.140625 0.203125