1 0.521875 0.5421875 0.5546875 0.2921875
1 0.2265625 0.4875 0.3234375 0.296875
1 0.7203125 0.253125 0.2546875 0.175
1 0.9078125 0.265625 0.1828125 0.2015625
1 0.90625 0.5671875 0.1859375 0.3453125
1 0.11875 0.73125 0.2359375 0.1984375
1 0.33125 0.7453125 0.2109375 0.1703125
1 0.46875 0.753125 0.3078125 0.1546875
1 0.778125 0.753125 0.328125 0.1546875
1 0.965625 0.7703125 0.0640625 0.121875
1 0.71953125 0.0828125 0.2546875 0.165625
1 0.90703125 0.0828125 0.1828125 0.165625
1 0.90546875 0.96171875 0.1859375 0.0765625
1 0.11796875 0.91640625 0.2359375 0.1671875
1 0.33046875 0.91640625 0.2109375 0.1671875
1 0.46875 0.9109375 0.3078125 0.1546875
1 0.778125 0.9109375 0.328125 0.1546875
1 0.965625 0.89375 0.0640625 0.121875