1 0.4234375 0.4875 0.209375 0.140625
1 0.5265625 0.353125 0.253125 0.1296875
1 0.615625 0.5078125 0.2078125 0.16875
1 0.8328125 0.478125 0.203125 0.1703125
1 0.6625 0.6359375 0.18125 0.15625
1 0.4234375 0.06953125 0.209375 0.1390625
1 0.4234375 0.940625 0.209375 0.11875
1 0.5265625 0.203125 0.253125 0.1296875
1 0.61484375 0.06640625 0.2078125 0.1328125
1 0.61484375 0.9234375 0.2078125 0.153125
1 0.8328125 0.08125 0.203125 0.1625
1 0.8328125 0.9375 0.203125 0.125
1 0.6625 0.803125 0.18125 0.15625