1 0.0921875 0.6 0.18125 0.3984375
1 0.278125 0.646875 0.309375 0.365625
1 0.2265625 0.390625 0.2390625 0.2421875
1 0.371875 0.2828125 0.215625 0.221875
1 0.45625 0.4984375 0.259375 0.3234375
1 0.625 0.3828125 0.225 0.259375
1 0.715625 0.6421875 0.2953125 0.3703125
1 0.853125 0.496875 0.2796875 0.3015625
1 0.89375 0.3015625 0.2109375 0.2390625
1 0.6953125 0.259375 0.203125 0.1875
1 0.503125 0.2390625 0.196875 0.1484375
1 0.0921875 0.93125 0.18125 0.1375
1 0.278125 0.91640625 0.309375 0.1671875
1 0.22578125 0.03046875 0.2390625 0.0609375
1 0.371875 0.0796875 0.215625 0.159375
1 0.625 0.0390625 0.225 0.078125
1 0.71484375 0.9171875 0.2953125 0.165625
1 0.89296875 0.07421875 0.2109375 0.1484375
1 0.6953125 0.0828125 0.203125 0.165625
1 0.503125 0.0921875 0.196875 0.1484375