2 0.1171875 0.5 0.234375 0.228125
2 0.4796875 0.496875 0.3765625 0.3015625
2 0.9203125 0.546875 0.15625 0.1734375
2 0.75 0.471875 0.065625 0.134375
2 0.846875 0.4578125 0.10625 0.0546875
2 0.1171875 0.190625 0.234375 0.228125
2 0.1171875 0.80625 0.234375 0.228125
2 0.4796875 0.19375 0.3765625 0.3015625
2 0.4796875 0.809375 0.3765625 0.3015625
2 0.9203125 0.14375 0.15625 0.1734375
2 0.9203125 0.759375 0.15625 0.1734375
2 0.75 0.21875 0.065625 0.134375
2 0.75 0.834375 0.065625 0.134375
2 0.846875 0.2328125 0.10625 0.0546875
2 0.846875 0.8484375 0.10625 0.0546875