2 0.428125 0.5203125 0.240625 0.14375
2 0.65 0.75625 0.265625 0.2359375
2 0.6875 0.58125 0.2484375 0.14375
2 0.709375 0.453125 0.225 0.128125
2 0.4953125 0.4109375 0.1953125 0.1203125
2 0.2828125 0.3703125 0.2078125 0.115625
2 0.215625 0.4796875 0.18125 0.128125
2 0.1984375 0.634375 0.146875 0.18125
2 0.3859375 0.6734375 0.25625 0.20625
2 0.8390625 0.759375 0.06875 0.1890625
2 0.96796875 0.58125 0.0640625 0.14375
2 0.96328125 0.453125 0.0734375 0.128125
2 0.03515625 0.3703125 0.0703125 0.115625
2 0.0625 0.4796875 0.125 0.128125
2 0.0625 0.634375 0.125 0.18125
2 0.909375 0.759375 0.06875 0.1890625