2 0.596875 0.91875 0.1609375 0.1609375
2 0.396875 0.9171875 0.1546875 0.153125
2 0.5984375 0.753125 0.1734375 0.128125
2 0.59375 0.5734375 0.19375 0.1203125
2 0.4015625 0.40625 0.16875 0.109375
2 0.396875 0.240625 0.1734375 0.1140625
2 0.4046875 0.0640625 0.1796875 0.11875
2 0.5921875 0.0796875 0.1625 0.15
2 0.5953125 0.23125 0.1828125 0.1265625
2 0.4046875 0.75 0.1734375 0.1265625
2 0.4015625 0.58125 0.1640625 0.1203125
2 0.04765625 0.91796875 0.0953125 0.1609375
2 0.7875 0.91875 0.1609375 0.1609375
2 0.215625 0.9171875 0.1546875 0.153125
2 0.9546875 0.9171875 0.090625 0.153125
2 0.05 0.753125 0.1 0.128125
2 0.7859375 0.753125 0.1734375 0.128125
2 0.0578125 0.57265625 0.115625 0.1203125
2 0.790625 0.5734375 0.19375 0.1203125
2 0.2109375 0.40625 0.16875 0.109375
2 0.94921875 0.40625 0.1015625 0.109375
2 0.215625 0.240625 0.1734375 0.1140625
2 0.95 0.23984375 0.1 0.1140625
2 0.2078125 0.0640625 0.1796875 0.11875
2 0.94453125 0.0640625 0.1109375 0.11875
2 0.05078125 0.0796875 0.1015625 0.15
2 0.7921875 0.0796875 0.1625 0.15
2 0.05390625 0.23046875 0.1078125 0.1265625
2 0.7890625 0.23125 0.1828125 0.1265625
2 0.2078125 0.75 0.1734375 0.1265625
2 0.94609375 0.74921875 0.1078125 0.1265625
2 0.2109375 0.58125 0.1640625 0.1203125
2 0.95 0.58046875 0.1 0.1203125