2 0.134375 0.675 0.26875 0.23125
2 0.1734375 0.45625 0.2234375 0.1953125
2 0.203125 0.2875 0.1890625 0.1546875
2 0.4125 0.315625 0.19375 0.16875
2 0.4140625 0.4796875 0.2078125 0.18125
2 0.4078125 0.6796875 0.225 0.209375
2 0.6640625 0.6921875 0.2515625 0.228125
2 0.65 0.478125 0.203125 0.1796875
2 0.6203125 0.3125 0.184375 0.1515625
2 0.8140625 0.3109375 0.2046875 0.1609375
2 0.85625 0.484375 0.2 0.1890625
2 0.9015625 0.6953125 0.196875 0.225
2 0.134375 0.9171875 0.26875 0.165625
2 0.203125 0.0875 0.1890625 0.1546875
2 0.4125 0.071875 0.19375 0.14375
2 0.4078125 0.9203125 0.225 0.159375
2 0.66328125 0.909375 0.2515625 0.18125
2 0.6203125 0.06875 0.184375 0.1375
2 0.81328125 0.071875 0.2046875 0.14375
2 0.9015625 0.90859375 0.196875 0.1828125