2 0.6203125 0.6203125 0.29375 0.2984375
2 0.0796875 0.3921875 0.1578125 0.26875
2 0.08125 0.6515625 0.1625 0.240625
2 0.30625 0.35625 0.2859375 0.2546875
2 0.315625 0.628125 0.2953125 0.2859375
2 0.5890625 0.3515625 0.2734375 0.24375
2 0.8625 0.3765625 0.271875 0.2859375
2 0.8828125 0.646875 0.23125 0.25
2 0.6203125 0.8875 0.29375 0.225
2 0.07890625 0.09765625 0.1578125 0.1953125
2 0.08125 0.88671875 0.1625 0.2265625
2 0.30546875 0.11171875 0.2859375 0.2234375
2 0.31484375 0.88671875 0.2953125 0.2265625
2 0.58828125 0.11171875 0.2734375 0.2234375
2 0.8625 0.109375 0.271875 0.21875
2 0.8828125 0.88671875 0.23125 0.2265625