2 0.15 0.3671875 0.2125 0.1703125
2 0.3515625 0.3203125 0.2 0.1671875
2 0.525 0.271875 0.2328125 0.1640625
2 0.7203125 0.225 0.190625 0.1515625
2 0.1484375 0.55 0.2859375 0.2125
2 0.3921875 0.49375 0.2609375 0.1953125
2 0.6015625 0.4203125 0.2734375 0.1984375
2 0.803125 0.365625 0.2625 0.190625
2 0.2125 0.734375 0.2859375 0.175
2 0.459375 0.6921875 0.28125 0.275
2 0.671875 0.6234375 0.2984375 0.2265625
2 0.8703125 0.5453125 0.18125 0.2125
2 0.52421875 0.0296875 0.2328125 0.059375
2 0.7203125 0.05 0.190625 0.1
2 0.21171875 0.9640625 0.2859375 0.071875
2 0.459375 0.96015625 0.28125 0.0796875