2 0.5453125 0.615625 0.3046875 0.2609375
2 0.85 0.671875 0.296875 0.296875
2 0.8859375 0.3953125 0.225 0.2265625
2 0.63125 0.3546875 0.2578125 0.228125
2 0.3765625 0.31875 0.2328125 0.1703125
2 0.1375 0.284375 0.240625 0.1765625
2 0.2328125 0.5578125 0.296875 0.246875
2 0.54453125 0.95859375 0.3046875 0.0828125
2 0.85 0.921875 0.296875 0.15625
2 0.8859375 0.02421875 0.225 0.0484375
2 0.63046875 0.0453125 0.2578125 0.090625
2 0.37578125 0.0484375 0.2328125 0.096875
2 0.1375 0.0671875 0.240625 0.134375