2 0.2890625 0.0890625 0.184375 0.165625
2 0.4984375 0.1015625 0.1828125 0.15
2 0.7 0.103125 0.190625 0.15625
2 0.2953125 0.24375 0.2125 0.140625
2 0.509375 0.25 0.1765625 0.1390625
2 0.2890625 0.3921875 0.190625 0.140625
2 0.503125 0.396875 0.171875 0.1484375
2 0.296875 0.540625 0.2171875 0.1453125
2 0.509375 0.5453125 0.190625 0.1390625
2 0.703125 0.5390625 0.1703125 0.1484375
2 0.7078125 0.2484375 0.1828125 0.1375
2 0.703125 0.3921875 0.175 0.146875
2 0.315625 0.7 0.1890625 0.15
2 0.5078125 0.7015625 0.18125 0.140625
2 0.7046875 0.69375 0.18125 0.1515625
2 0.30625 0.878125 0.2078125 0.1796875
2 0.509375 0.86875 0.1828125 0.165625
2 0.709375 0.8609375 0.1671875 0.1828125
2 0.090625 0.0890625 0.18125 0.165625
2 0.91015625 0.103125 0.1796875 0.15625
2 0.09453125 0.24375 0.1890625 0.140625
2 0.0921875 0.3921875 0.184375 0.140625
2 0.09453125 0.53984375 0.1890625 0.1453125
2 0.9125 0.5390625 0.1703125 0.1484375
2 0.9078125 0.2484375 0.1828125 0.1375
2 0.9125 0.3921875 0.175 0.146875
2 0.078125 0.7 0.15625 0.15
2 0.91015625 0.69296875 0.1796875 0.1515625
2 0.0875 0.87734375 0.175 0.1796875
2 0.90625 0.8609375 0.1671875 0.1828125