2 0.265625 0.1375 0.1984375 0.2140625
2 0.5078125 0.125 0.2109375 0.190625
2 0.7359375 0.1328125 0.1890625 0.2109375
2 0.265625 0.35625 0.1703125 0.190625
2 0.5109375 0.3609375 0.2140625 0.2171875
2 0.73125 0.3703125 0.165625 0.1984375
2 0.71875 0.6015625 0.225 0.2359375
2 0.7171875 0.8484375 0.228125 0.2203125
2 0.4953125 0.846875 0.203125 0.2390625
2 0.496875 0.6 0.196875 0.1984375
2 0.2734375 0.5921875 0.2015625 0.2140625
2 0.26875 0.8515625 0.19375 0.2359375
2 0.08203125 0.13671875 0.1640625 0.2140625
2 0.91640625 0.13203125 0.1671875 0.2109375
2 0.075 0.35625 0.15 0.190625
2 0.925 0.36953125 0.15 0.1984375
2 0.91640625 0.60078125 0.1671875 0.2359375
2 0.91640625 0.84765625 0.1671875 0.2203125
2 0.07890625 0.59140625 0.1578125 0.2140625
2 0.0796875 0.85078125 0.159375 0.2359375