2 0.1046875 0.6671875 0.19375 0.1390625
2 0.8515625 0.665625 0.18125 0.1421875
2 0.5875 0.459375 0.1671875 0.1359375
2 0.71875 0.4984375 0.1484375 0.0890625
2 0.634375 0.5859375 0.178125 0.146875
2 0.325 0.66875 0.203125 0.1171875
2 0.225 0.5359375 0.18125 0.1421875
2 0.35625 0.4296875 0.1890625 0.1234375
2 0.5015625 0.3375 0.15 0.0640625
2 0.4609375 0.609375 0.1375 0.159375
2 0.1046875 0.96328125 0.19375 0.0734375
2 0.8515625 0.96328125 0.18125 0.0734375
2 0.325 0.96796875 0.203125 0.0640625
2 0.5015625 0.0125 0.15 0.025