2 0.2109375 0.259375 0.1875 0.1796875
2 0.4140625 0.2640625 0.1796875 0.15625
2 0.625 0.2734375 0.16875 0.1640625
2 0.8296875 0.26875 0.19375 0.1609375
2 0.1859375 0.4578125 0.2140625 0.1796875
2 0.4171875 0.465625 0.203125 0.171875
2 0.6234375 0.471875 0.171875 0.1578125
2 0.84375 0.4734375 0.2046875 0.153125
2 0.1796875 0.6875 0.215625 0.20625
2 0.421875 0.6859375 0.20625 0.20625
2 0.6296875 0.690625 0.178125 0.203125
2 0.8546875 0.6921875 0.20625 0.1953125
2 0.2109375 0.03984375 0.1875 0.0796875
2 0.41328125 0.03203125 0.1796875 0.0640625
2 0.625 0.02890625 0.16875 0.0578125
2 0.8296875 0.03046875 0.19375 0.0609375
2 0.6296875 0.97890625 0.178125 0.0421875
2 0.8546875 0.9796875 0.20625 0.040625