2 0.3765625 0.690625 0.215625 0.2109375
2 0.1265625 0.659375 0.209375 0.2109375
2 0.15 0.48125 0.2046875 0.1484375
2 0.39375 0.4921875 0.196875 0.175
2 0.6109375 0.4796875 0.184375 0.2015625
2 0.5984375 0.328125 0.175 0.1359375
2 0.8 0.3546875 0.1765625 0.1421875
2 0.64375 0.6890625 0.21875 0.20625
2 0.8265625 0.4984375 0.19375 0.146875
2 0.2015625 0.328125 0.1875 0.1453125
2 0.86875 0.6828125 0.215625 0.2265625
2 0.4109375 0.3171875 0.178125 0.1703125
2 0.3765625 0.92109375 0.215625 0.1578125
2 0.1265625 0.93671875 0.209375 0.1265625
2 0.5984375 0.04921875 0.175 0.0984375
2 0.79921875 0.0375 0.1765625 0.075
2 0.64375 0.9234375 0.21875 0.153125
2 0.2015625 0.0515625 0.1875 0.103125
2 0.86875 0.92109375 0.215625 0.1578125
2 0.4109375 0.06328125 0.178125 0.1265625