2 0.809375 0.7453125 0.2703125 0.215625
2 0.4921875 0.7203125 0.3125 0.196875
2 0.1703125 0.734375 0.275 0.2
2 0.1671875 0.4953125 0.2796875 0.1921875
2 0.5015625 0.5015625 0.2765625 0.19375
2 0.8078125 0.50625 0.2625 0.1953125
2 0.8125 0.259375 0.2546875 0.2046875
2 0.4984375 0.2734375 0.275 0.19375
2 0.178125 0.2703125 0.265625 0.19375
2 0.80859375 0.95546875 0.2703125 0.0890625
2 0.4921875 0.97265625 0.3125 0.0546875
2 0.1703125 0.96484375 0.275 0.0703125
2 0.81171875 0.03671875 0.2546875 0.0734375
2 0.4984375 0.02734375 0.275 0.0546875
2 0.178125 0.02890625 0.265625 0.0578125