2 0.4265625 0.178125 0.21875 0.1671875
2 0.596875 0.1125 0.171875 0.2046875
2 0.415625 0.0546875 0.196875 0.109375
2 0.5 0.378125 0.365625 0.21875
2 0.5015625 0.6265625 0.3625 0.234375
2 0.50625 0.86875 0.3546875 0.2359375
2 0.2015625 0.178125 0.21875 0.1671875
2 0.91640625 0.17734375 0.1671875 0.1671875
2 0.05859375 0.11171875 0.1171875 0.2046875
2 0.771875 0.1125 0.171875 0.2046875
2 0.2125 0.0546875 0.196875 0.109375
2 0.92734375 0.0546875 0.1453125 0.109375
2 0.15546875 0.378125 0.3109375 0.21875
2 0.84296875 0.378125 0.3140625 0.21875
2 0.15390625 0.6265625 0.3078125 0.234375
2 0.84296875 0.6265625 0.3140625 0.234375
2 0.14921875 0.86796875 0.2984375 0.2359375
2 0.8421875 0.86796875 0.315625 0.2359375