2 0.184375 0.5515625 0.353125 0.3015625
2 0.50625 0.4953125 0.309375 0.2734375
2 0.171875 0.3125 0.3296875 0.2390625
2 0.78125 0.3984375 0.3390625 0.2421875
2 0.8375 0.6453125 0.325 0.2890625
2 0.575 0.7203125 0.371875 0.1859375
2 0.2234375 0.7515625 0.4046875 0.1234375
2 0.184375 0.96328125 0.353125 0.0734375
2 0.17109375 0.0859375 0.3296875 0.171875
2 0.78046875 0.04375 0.3390625 0.0875
2 0.8375 0.91953125 0.325 0.1609375
2 0.575 0.9078125 0.371875 0.184375
2 0.2234375 0.878125 0.4046875 0.1234375