2 0.2546875 0.284375 0.26875 0.134375
2 0.384375 0.39375 0.2890625 0.1640625
2 0.6046875 0.3171875 0.2375 0.1328125
2 0.803125 0.2625 0.25 0.1109375
2 0.74375 0.428125 0.325 0.1859375
2 0.7125 0.6875 0.3390625 0.240625
2 0.0671875 0.3828125 0.134375 0.0921875
2 0.1125 0.49453125 0.225 0.1515625
2 0.3859375 0.7484375 0.4 0.121875
2 0.8984375 0.58125 0.1765625 0.321875
2 0.2546875 0.090625 0.26875 0.134375
2 0.38359375 0.03125 0.2890625 0.0625
2 0.6046875 0.06171875 0.2375 0.1234375
2 0.803125 0.1125 0.25 0.1109375
2 0.74375 0.01953125 0.325 0.0390625
2 0.71171875 0.90546875 0.3390625 0.1890625
2 0.0671875 0.01875 0.134375 0.0375
2 0.3859375 0.8703125 0.4 0.121875
2 0.89765625 0.93828125 0.1765625 0.1234375