2 0.509375 0.4765625 0.196875 0.190625
2 0.503125 0.253125 0.20625 0.1734375
2 0.73046875 0.0640625 0.1984375 0.128125
2 0.2671875 0.4890625 0.2046875 0.2171875
2 0.740625 0.9328125 0.18125 0.1328125
2 0.49765625 0.05625 0.1984375 0.1125
2 0.259375 0.05625 0.1875 0.1125
2 0.265625 0.721875 0.1828125 0.1921875
2 0.2703125 0.928125 0.1984375 0.140625
2 0.5109375 0.925 0.23125 0.1484375
2 0.50625 0.7140625 0.2078125 0.2140625
2 0.7421875 0.7203125 0.178125 0.2
2 0.7421875 0.4703125 0.1796875 0.184375
2 0.91640625 0.0640625 0.1671875 0.128125
2 0.0828125 0.48828125 0.165625 0.2171875
2 0.91640625 0.93203125 0.1671875 0.1328125
2 0.0828125 0.05625 0.165625 0.1125
2 0.078125 0.72109375 0.15625 0.1921875
2 0.0796875 0.928125 0.159375 0.140625
2 0.91640625 0.7203125 0.1671875 0.2
2 0.915625 0.4703125 0.16875 0.184375