2 0.103125 0.27265625 0.20625 0.2171875
2 0.31875 0.2265625 0.2609375 0.121875
2 0.578125 0.265625 0.23125 0.2015625
2 0.809375 0.2625 0.2390625 0.1953125
2 0.95 0.403125 0.1 0.2140625
2 0.1171875 0.484375 0.234375 0.1984375
2 0.3953125 0.459375 0.290625 0.2984375
2 0.6984375 0.484375 0.30625 0.2296875
2 0.08125 0.69921875 0.1625 0.2421875
2 0.3109375 0.73125 0.28125 0.2015625
2 0.625 0.715625 0.31875 0.23125
2 0.8953125 0.6921875 0.209375 0.2796875
2 0.103125 0.0828125 0.20625 0.165625
2 0.31875 0.1046875 0.2609375 0.121875
2 0.578125 0.0828125 0.23125 0.165625
2 0.80859375 0.0828125 0.2390625 0.165625
2 0.08125 0.921875 0.1625 0.15625
2 0.3109375 0.91640625 0.28125 0.1671875
2 0.625 0.9171875 0.31875 0.165625
2 0.8953125 0.91640625 0.209375 0.1671875