2 0.24375 0.121875 0.15625 0.2328125
2 0.4609375 0.046875 0.221875 0.0875
2 0.1765625 0.228125 0.003125 0.0046875
2 0.2703125 0.3515625 0.209375 0.23125
2 0.4515625 0.2109375 0.2265625 0.2234375
2 0.665625 0.31875 0.1921875 0.2296875
2 0.546875 0.659375 0.2109375 0.2171875
2 0.321875 0.59375 0.2203125 0.234375
2 0.4609375 0.4265625 0.2234375 0.23125
2 0.79375 0.1625 0.075 0.225
2 0.0875 0.121875 0.15625 0.2328125
2 0.1546875 0.228125 0.003125 0.0046875
2 0.0828125 0.3515625 0.165625 0.23125
2 0.95 0.31796875 0.1 0.2296875
2 0.059375 0.59375 0.11875 0.234375
2 0.86875 0.1625 0.075 0.225