2 0.653125 0.5875 0.2359375 0.23125
2 0.13125 0.34296875 0.2625 0.2421875
2 0.1328125 0.5890625 0.2546875 0.2390625
2 0.86875 0.35 0.253125 0.253125
2 0.6375 0.3453125 0.2046875 0.23125
2 0.8796875 0.590625 0.2125 0.2078125
2 0.384375 0.5875 0.2640625 0.2640625
2 0.65234375 0.9234375 0.2359375 0.153125
2 0.13125 0.11171875 0.2625 0.2234375
2 0.13203125 0.9203125 0.2546875 0.159375
2 0.86875 0.11171875 0.253125 0.2234375
2 0.63671875 0.10859375 0.2046875 0.2171875
2 0.8796875 0.92734375 0.2125 0.1453125
2 0.38359375 0.91484375 0.2640625 0.1703125