2 0.1515625 0.4875 0.2203125 0.2125
2 0.1453125 0.246875 0.2671875 0.1640625
2 0.3703125 0.2640625 0.20625 0.196875
2 0.125 0.7359375 0.25 0.1890625
2 0.3734375 0.715625 0.1515625 0.1984375
2 0.3703125 0.4875 0.15625 0.1734375
2 0.521875 0.6890625 0.1109375 0.1765625
2 0.6296875 0.6640625 0.0828125 0.140625
2 0.5234375 0.4890625 0.13125 0.1921875
2 0.53125 0.3078125 0.0953125 0.14375
2 0.6328125 0.3421875 0.0859375 0.1515625
2 0.7125 0.228125 0.0796875 0.1265625
2 0.63125 0.4984375 0.06875 0.134375
2 0.715625 0.509375 0.078125 0.11875
2 0.71875 0.646875 0.075 0.11875
2 0.790625 0.7671875 0.06875 0.0921875
2 0.9484375 0.609375 0.040625 0.06875
2 0.884375 0.621875 0.0234375 0.0765625
2 0.871875 0.315625 0.0328125 0.084375
2 0.7828125 0.2609375 0.05 0.153125
2 0.915625 0.321875 0.0421875 0.09375
2 0.9515625 0.790625 0.0421875 0.0796875
2 0.925 0.7046875 0.046875 0.0828125
2 0.1453125 0.084375 0.2671875 0.1640625
2 0.3703125 0.0828125 0.20625 0.165625
2 0.125 0.915625 0.25 0.16875
2 0.37265625 0.9234375 0.1515625 0.153125
2 0.52109375 0.9421875 0.1109375 0.115625
2 0.62890625 0.9640625 0.0828125 0.071875
2 0.53046875 0.04765625 0.0953125 0.0953125
2 0.63203125 0.03203125 0.0859375 0.0640625
2 0.7125 0.103125 0.0796875 0.1265625
2 0.71875 0.978125 0.075 0.04375
2 0.790625 0.8953125 0.06875 0.0921875
2 0.87109375 0.02890625 0.0328125 0.0578125
2 0.7828125 0.0734375 0.05 0.146875
2 0.91484375 0.028125 0.0421875 0.05625
2 0.9515625 0.871875 0.0421875 0.0796875
2 0.925 0.9578125 0.046875 0.0828125