2 0.328125 0.515625 0.328125 0.2875
2 0.6546875 0.49375 0.3359375 0.3
2 0.1078125 0.2671875 0.215625 0.203125
2 0.3546875 0.26875 0.309375 0.2078125
2 0.6625 0.25625 0.3234375 0.18125
2 0.921875 0.2640625 0.1546875 0.196875
2 0.9140625 0.5046875 0.16875 0.2765625
2 0.9140625 0.7375 0.16875 0.1859375
2 0.6453125 0.7390625 0.3625 0.184375
2 0.3078125 0.746875 0.3359375 0.1671875
2 0.0828125 0.52421875 0.165625 0.2921875
2 0.0703125 0.7515625 0.1390625 0.159375
2 0.1078125 0.0828125 0.215625 0.165625
2 0.3546875 0.0828125 0.309375 0.165625
2 0.66171875 0.0828125 0.3234375 0.165625
2 0.92109375 0.0828125 0.1546875 0.165625
2 0.9140625 0.91640625 0.16875 0.1671875
2 0.6453125 0.91640625 0.3625 0.1671875
2 0.30703125 0.91640625 0.3359375 0.1671875
2 0.0703125 0.9125 0.1390625 0.159375