2 0.628125 0.7125 0.209375 0.2125
2 0.1625 0.2828125 0.2078125 0.1875
2 0.3890625 0.2796875 0.1921875 0.184375
2 0.609375 0.284375 0.19375 0.184375
2 0.8296875 0.2796875 0.2 0.196875
2 0.8453125 0.4875 0.2125 0.1984375
2 0.875 0.7046875 0.221875 0.2015625
2 0.3640625 0.7203125 0.2078125 0.2109375
2 0.1203125 0.7078125 0.2203125 0.2
2 0.384375 0.4828125 0.190625 0.2
2 0.615625 0.484375 0.215625 0.209375
2 0.1515625 0.478125 0.2265625 0.1984375
2 0.628125 0.91875 0.209375 0.1625
2 0.16171875 0.07578125 0.2078125 0.1515625
2 0.38828125 0.0765625 0.1921875 0.153125
2 0.609375 0.07421875 0.19375 0.1484375
2 0.8296875 0.0796875 0.2 0.159375
2 0.875 0.925 0.221875 0.15
2 0.36328125 0.91484375 0.2078125 0.1703125
2 0.11953125 0.92421875 0.2203125 0.1515625