2 0.5015625 0.1828125 0.1875 0.1703125
2 0.3 0.3734375 0.1875 0.1890625
2 0.5109375 0.5828125 0.1890625 0.2
2 0.2953125 0.7953125 0.190625 0.2046875
2 0.696875 0.1859375 0.196875 0.1859375
2 0.7109375 0.3796875 0.1859375 0.1828125
2 0.703125 0.5875 0.1703125 0.171875
2 0.509375 0.384375 0.184375 0.1828125
2 0.5046875 0.79375 0.1875 0.1953125
2 0.2984375 0.5859375 0.184375 0.1921875
2 0.3 0.1828125 0.1828125 0.1859375
2 0.7046875 0.8015625 0.1890625 0.19375
2 0.0546875 0.37265625 0.109375 0.1890625
2 0.0578125 0.79453125 0.115625 0.2046875
2 0.94375 0.18515625 0.1125 0.1859375
2 0.9390625 0.37890625 0.121875 0.1828125
2 0.946875 0.5875 0.10625 0.171875
2 0.0546875 0.58515625 0.109375 0.1921875
2 0.053125 0.18203125 0.10625 0.1859375
2 0.94140625 0.8015625 0.1171875 0.19375