2 0.7734375 0.83125 0.2515625 0.3234375
2 0.4765625 0.8125 0.3015625 0.3125
2 0.203125 0.7875 0.2078125 0.309375
2 0.2328125 0.515625 0.2671875 0.2375
2 0.5046875 0.525 0.2734375 0.2515625
2 0.7765625 0.5515625 0.2453125 0.2765625
2 0.775 0.2953125 0.2484375 0.234375
2 0.5203125 0.2796875 0.2578125 0.2265625
2 0.25625 0.275 0.2609375 0.2171875
2 0.26875 0.0828125 0.290625 0.165625
2 0.534375 0.08125 0.221875 0.1625
2 0.759375 0.090625 0.2234375 0.18125
2 0.95 0.83046875 0.1 0.3234375
2 0.05 0.7875 0.1 0.309375
2 0.05 0.515625 0.1 0.2375
2 0.95 0.55078125 0.1 0.2765625
2 0.95 0.2953125 0.1 0.234375
2 0.03671875 0.27421875 0.0734375 0.2171875
2 0.03828125 0.0828125 0.0765625 0.165625
2 0.9640625 0.090625 0.071875 0.18125