2 0.16875 0.51875 0.24375 0.2109375
2 0.2296875 0.3578125 0.1859375 0.13125
2 0.425 0.3109375 0.165625 0.165625
2 0.6109375 0.3359375 0.2 0.1390625
2 0.815625 0.3546875 0.2109375 0.121875
2 0.8609375 0.6640625 0.2625 0.228125
2 0.8375 0.4859375 0.2203125 0.1578125
2 0.5953125 0.634375 0.2546875 0.228125
2 0.3375 0.603125 0.253125 0.203125
2 0.390625 0.4484375 0.2015625 0.1625
2 0.60625 0.46875 0.2234375 0.165625
2 0.16875 0.9765625 0.24375 0.046875
2 0.22890625 0.06171875 0.1859375 0.1234375
2 0.425 0.1046875 0.165625 0.165625
2 0.6109375 0.0796875 0.2 0.1390625
2 0.815625 0.0609375 0.2109375 0.121875
2 0.8609375 0.9 0.2625 0.2
2 0.59453125 0.91484375 0.2546875 0.1703125
2 0.3375 0.93671875 0.253125 0.1265625
2 0.38984375 0.02421875 0.2015625 0.0484375