2 0.6125 0.2234375 0.1015625 0.071875
2 0.584375 0.1453125 0.096875 0.0359375
2 0.70625 0.2234375 0.103125 0.0671875
2 0.40625 0.2265625 0.1109375 0.0875
2 0.5140625 0.23125 0.090625 0.071875
2 0.3921875 0.1453125 0.0984375 0.046875
2 0.540625 0.4421875 0.11875 0.0984375
2 0.66875 0.4546875 0.1140625 0.10625
2 0.7328125 0.38125 0.1234375 0.075
2 0.265625 0.440625 0.1109375 0.1140625
2 0.415625 0.4453125 0.0953125 0.1109375
2 0.55625 0.634375 0.125 0.115625
2 0.6484375 0.721875 0.15 0.1328125
2 0.8015625 0.721875 0.1453125 0.146875
2 0.4296875 0.6328125 0.1546875 0.1375
2 0.63125 0.371875 0.10625 0.0828125
2 0.1625 0.440625 0.0765625 0.1109375
2 0.178125 0.3625 0.10625 0.0734375
2 0.9765625 0.38125 0.046875 0.075
2 0.01953125 0.43984375 0.0390625 0.1140625
2 0.93671875 0.721875 0.1265625 0.146875
2 0.0875 0.440625 0.0765625 0.1109375
2 0.071875 0.3625 0.10625 0.0734375