2 0.5125 0.9203125 0.225 0.1578125
2 0.51875 0.715625 0.228125 0.209375
2 0.5125 0.4828125 0.2140625 0.2109375
2 0.4921875 0.24375 0.228125 0.2015625
2 0.7171875 0.25 0.1265625 0.20625
2 0.7125 0.4796875 0.1375 0.2203125
2 0.715625 0.725 0.1296875 0.221875
2 0.2953125 0.490625 0.1578125 0.20625
2 0.2859375 0.725 0.1390625 0.2078125
2 0.284375 0.25 0.1359375 0.2078125
2 0.50625 0.0578125 0.203125 0.115625
2 0.709375 0.0625 0.14375 0.125
2 0.29765625 0.0546875 0.1640625 0.109375
2 0.2984375 0.928125 0.1625 0.140625
2 0.7109375 0.9296875 0.1390625 0.1375
2 0.96953125 0.91953125 0.0609375 0.1578125
2 0.965625 0.715625 0.06875 0.209375
2 0.971875 0.48203125 0.05625 0.2109375
2 0.028125 0.24296875 0.05625 0.2015625
2 0.846875 0.25 0.1265625 0.20625
2 0.8515625 0.4796875 0.1375 0.2203125
2 0.8484375 0.725 0.1296875 0.221875
2 0.1390625 0.490625 0.1578125 0.20625
2 0.1484375 0.725 0.1390625 0.2078125
2 0.15 0.25 0.1359375 0.2078125
2 0.978125 0.0578125 0.04375 0.115625
2 0.8546875 0.0625 0.14375 0.125
2 0.13515625 0.0546875 0.1640625 0.109375
2 0.1359375 0.928125 0.1625 0.140625
2 0.853125 0.9296875 0.1390625 0.1375