2 0.20625 0.2046875 0.209375 0.196875
2 0.453125 0.1859375 0.203125 0.2109375
2 0.66875 0.178125 0.1734375 0.1890625
2 0.8765625 0.178125 0.178125 0.1859375
2 0.1828125 0.40625 0.215625 0.1984375
2 0.446875 0.4109375 0.2078125 0.209375
2 0.659375 0.4046875 0.1890625 0.221875
2 0.884375 0.403125 0.190625 0.234375
2 0.184375 0.615625 0.196875 0.153125
2 0.434375 0.628125 0.19375 0.184375
2 0.6546875 0.63125 0.1875 0.2078125
2 0.85625 0.63125 0.184375 0.1953125
2 0.190625 0.84375 0.228125 0.1453125
2 0.44375 0.834375 0.1890625 0.1640625
2 0.653125 0.83125 0.2 0.16875
2 0.8765625 0.83125 0.19375 0.16875
2 0.20625 0.0265625 0.209375 0.053125
2 0.453125 0.0390625 0.203125 0.078125
2 0.66796875 0.0375 0.1734375 0.075
2 0.8765625 0.03671875 0.178125 0.0734375
2 0.190625 0.95859375 0.228125 0.0828125
2 0.44296875 0.95859375 0.1890625 0.0828125
2 0.653125 0.959375 0.2 0.08125
2 0.8765625 0.959375 0.19375 0.08125