2 0.1078125 0.340625 0.121875 0.11875
2 0.378125 0.490625 0.10625 0.146875
2 0.5421875 0.321875 0.13125 0.115625
2 0.6984375 0.45625 0.1265625 0.1140625
2 0.8671875 0.4421875 0.1421875 0.121875
2 0.684375 0.31875 0.134375 0.125
2 0.0703125 0.6078125 0.125 0.1390625
2 0.0859375 0.46875 0.121875 0.1453125
2 0.2296875 0.46875 0.1203125 0.1609375
2 0.3828125 0.653125 0.14375 0.1390625
2 0.5359375 0.64375 0.1265625 0.128125
2 0.7234375 0.6328125 0.1265625 0.15625
2 0.878125 0.65 0.1359375 0.18125
2 0.84375 0.3046875 0.1234375 0.134375