3 0.6484375 0.4828125 0.3015625 0.35
3 0.5171875 0.634375 0.2953125 0.290625
3 0.228125 0.528125 0.234375 0.2515625
3 0.2703125 0.34375 0.1671875 0.1640625
3 0.4890625 0.36875 0.24375 0.240625
3 0.121875 0.4390625 0.1390625 0.153125
3 0.64765625 0.06484375 0.3015625 0.1296875
3 0.64765625 0.95234375 0.3015625 0.0953125
3 0.51640625 0.89140625 0.2953125 0.2171875
3 0.228125 0.95390625 0.234375 0.0921875
3 0.2703125 0.09375 0.1671875 0.1640625
3 0.4890625 0.09453125 0.24375 0.1890625
3 0.12109375 0.0375 0.1390625 0.075